0 1 2 3 4 5 6 7 8 9 10 11 12 13 14 15 16 17 18 19 
0 2 36
0 3 28
0 5 38
0 9 15
0 14 5
0 15 22
1 3 32
1 8 16
1 9 8
1 10 23
1 11 16
1 12 11
1 14 32
1 17 7
1 19 11
2 4 39
2 6 4
2 9 1
2 11 13
2 19 34
3 4 13
3 10 39
3 12 26
3 13 4
3 15 19
3 17 11
3 18 3
4 7 20
4 8 23
4 10 20
4 11 34
5 6 25
5 10 32
5 12 30
5 17 21
6 9 13
6 12 15
6 16 13
6 17 37
6 19 27
7 9 18
7 15 14
7 16 35
8 16 19
8 19 12
9 13 13
9 14 29
10 12 6
10 13 20
11 14 24
11 16 24
11 17 1
11 19 24
12 18 9
12 19 33
13 14 36
13 19 18
14 16 37
14 17 37
14 18 8
15 18 16
15 19 18
16 17 13
16 18 26
17 19 16
18 19 20
