0 1 2 3 4 5 6 7 8 9 10 11 12 13 14 15 16 17 18 19 20 21 22 23 24 25 26 27 28 29 
0 1 14
0 2 57
0 3 57
0 4 26
0 5 17
0 6 13
0 7 27
0 8 10
0 10 15
0 11 25
0 14 9
0 15 29
0 16 19
0 17 32
0 18 5
0 19 41
0 20 14
0 21 54
0 22 31
0 23 56
0 24 29
0 25 25
0 26 42
0 28 51
0 29 51
1 2 26
1 3 47
1 4 21
1 5 8
1 6 7
1 7 20
1 8 50
1 9 27
1 10 53
1 11 44
1 12 58
1 13 22
1 14 55
1 15 59
1 16 11
1 17 40
1 18 33
1 19 36
1 20 51
1 21 36
1 22 11
1 23 36
1 24 22
1 26 19
1 27 43
1 28 15
1 29 12
2 3 9
2 4 43
2 5 10
2 6 19
2 7 3
2 9 31
2 10 15
2 11 28
2 12 40
2 14 13
2 15 19
2 16 36
2 17 41
2 18 22
2 19 5
2 20 14
2 21 52
2 22 18
2 23 29
2 24 58
2 25 56
2 26 12
2 27 39
2 28 35
2 29 7
3 5 36
3 7 9
3 8 27
3 10 18
3 11 31
3 12 14
3 13 30
3 14 50
3 16 33
3 17 57
3 18 4
3 19 46
3 20 34
3 21 53
3 22 47
3 23 13
3 24 10
3 25 11
3 26 23
3 27 51
3 28 29
3 29 43
4 5 37
4 6 30
4 7 32
4 8 59
4 9 38
4 10 50
4 11 32
4 12 32
4 13 17
4 14 40
4 15 13
4 16 42
4 18 22
4 19 26
4 20 3
4 21 38
4 22 51
4 23 38
4 24 60
4 25 10
4 26 25
4 27 40
4 28 51
4 29 7
5 6 10
5 7 38
5 8 18
5 9 11
5 10 23
5 11 3
5 12 36
5 13 19
5 15 36
5 16 47
5 17 45
5 18 49
5 19 39
5 20 51
5 21 45
5 22 19
5 23 49
5 24 49
5 25 33
5 26 59
5 27 23
5 28 14
6 7 28
6 8 21
6 9 33
6 10 52
6 11 52
6 12 12
6 13 43
6 14 33
6 15 43
6 16 46
6 18 19
6 19 7
6 20 33
6 21 52
6 22 9
6 23 19
6 24 48
6 25 12
6 26 46
6 27 35
6 28 23
6 29 42
7 8 44
7 9 18
7 10 48
7 11 9
7 12 35
7 13 59
7 14 55
7 15 1
7 16 28
7 17 43
7 18 31
7 19 24
7 20 21
7 22 1
7 23 23
7 24 35
7 25 5
7 28 19
7 29 60
8 10 49
8 11 45
8 13 44
8 14 6
8 15 15
8 16 35
8 17 4
8 18 48
8 19 24
8 20 1
8 21 48
8 22 57
8 23 17
8 24 48
8 25 27
8 26 39
8 27 40
8 28 9
9 10 35
9 11 9
9 12 39
9 13 38
9 14 28
9 16 52
9 17 7
9 18 11
9 19 15
9 22 50
9 23 20
9 24 3
9 25 36
9 26 14
9 27 17
9 28 48
9 29 3
10 11 44
10 12 25
10 13 55
10 14 15
10 15 42
10 16 1
10 17 42
10 18 32
10 19 3
10 20 38
10 21 40
10 22 41
10 23 2
10 24 57
10 25 41
10 26 31
10 28 53
10 29 11
11 12 45
11 13 31
11 14 48
11 15 54
11 16 58
11 17 47
11 18 2
11 19 1
11 20 39
11 21 31
11 22 12
11 23 42
11 24 23
11 25 27
11 26 56
11 27 60
11 28 36
11 29 54
12 13 45
12 14 29
12 15 35
12 16 20
12 17 20
12 18 26
12 19 34
12 20 36
12 21 3
12 22 17
12 23 41
12 24 46
12 25 38
12 26 43
12 27 29
12 28 55
12 29 20
13 14 36
13 15 31
13 16 41
13 17 13
13 18 23
13 19 11
13 20 50
13 21 56
13 22 3
13 23 13
13 24 60
13 25 35
13 27 60
13 28 59
13 29 39
14 15 49
14 16 3
14 17 53
14 18 10
14 19 57
14 20 37
14 21 10
14 22 52
14 23 47
14 24 7
14 26 4
14 28 52
14 29 57
15 16 11
15 17 12
15 18 51
15 19 21
15 20 19
15 21 58
15 22 43
15 23 36
15 24 31
15 25 50
15 26 60
15 27 26
15 28 13
15 29 26
16 17 26
16 18 33
16 19 40
16 20 2
16 21 46
16 22 37
16 23 25
16 24 56
16 25 53
16 26 27
16 27 15
16 28 19
16 29 27
17 18 36
17 19 10
17 20 1
17 21 53
17 22 20
17 23 24
17 24 11
17 25 45
17 26 13
17 27 13
17 28 30
17 29 21
18 19 19
18 20 49
18 21 35
18 22 4
18 23 33
18 24 30
18 25 9
18 26 32
18 27 40
18 28 38
18 29 49
19 20 48
19 21 52
19 22 57
19 23 22
19 24 35
19 25 58
19 26 36
19 27 49
19 28 35
19 29 9
20 21 43
20 22 22
20 23 19
20 24 60
20 25 47
20 26 35
20 27 6
20 28 44
20 29 58
21 22 24
21 23 35
21 24 53
21 25 28
21 26 15
21 27 55
21 28 50
21 29 26
22 23 33
22 24 43
22 25 51
22 26 14
22 27 60
22 28 12
22 29 7
23 24 22
23 26 19
23 27 14
23 28 42
23 29 38
24 25 10
24 26 41
24 27 45
24 28 58
24 29 5
25 26 27
25 28 17
25 29 58
26 27 48
26 28 6
26 29 6
27 28 53
27 29 14
28 29 19
